name: pontofacial
channels:
  - microsoft
  - conda-forge
  - defaults
dependencies:
  - asgiref=3.8.1=pyhd8ed1ab_0
  - backports.zoneinfo=0.2.1=py39hcbf5309_8
  - bzip2=1.0.8=h2466b09_7
  - ca-certificates=2024.7.4=h56e8100_0
  - django=4.2.14=pyhd8ed1ab_0
  - dlib=19.24.4=cpu_py39h8c1cde6_1
  - intel-openmp=2024.2.0=h57928b3_980
  - libblas=3.9.0=23_win64_mkl
  - libcblas=3.9.0=23_win64_mkl
  - libffi=3.4.2=h8ffe710_5
  - libhwloc=2.11.1=default_h8125262_1000
  - libiconv=1.17=hcfcfb64_2
  - libjpeg-turbo=3.0.0=hcfcfb64_1
  - liblapack=3.9.0=23_win64_mkl
  - libpng=1.6.43=h19919ed_0
  - libsqlite=3.46.0=h2466b09_0
  - libxml2=2.12.7=h0f24e4e_4
  - libzlib=1.3.1=h2466b09_1
  - mkl=2024.1.0=h66d3029_694
  - openssl=3.3.1=h2466b09_2
  - pip=24.0=pyhd8ed1ab_0
  - pthreads-win32=2.9.1=hfa6e2cd_3
  - python=3.9.19=h4de0772_0_cpython
  - python_abi=3.9=4_cp39
  - setuptools=71.0.4=pyhd8ed1ab_0
  - sqlparse=0.5.1=pyhd8ed1ab_0
  - tbb=2021.12.0=hc790b64_3
  - tk=8.6.13=h5226925_1
  - typing_extensions=4.12.2=pyha770c72_0
  - tzdata=2024a=h0c530f3_0
  - ucrt=10.0.22621.0=h57928b3_0
  - vc=14.3=h8a93ad2_20
  - vc14_runtime=14.40.33810=ha82c5b3_20
  - vs2015_runtime=14.40.33810=h3bf8584_20
  - wheel=0.43.0=pyhd8ed1ab_1
  - xz=5.2.6=h8d14728_0
  - pip:
      - click==8.1.7
      - colorama==0.4.6
      - face-recognition==1.3.0
      - face-recognition-models==0.3.0
      - numpy==2.0.1
      - opencv-python==4.10.0.84
      - pillow==10.4.0
prefix: C:\Users\eronp\.conda\envs\pontofacial
